00100000000000010000000000000011
00100000000000100000000000000011
00100000000001010000000000000000
00100000000111100000000000000001
00100000000001100000000000000000
00100000000001110000000000000000
10001100110010000000000000000101
00000000101001100100100000100000
10001101001010100000000000000000
00000001010010000111100000100001
00000000111011110011100000100000
00100000110001100000000000000001
00000000110000100110000000101010
10101100000001110000000000001100
00100000101001010000000000000001
00000000101000010110100000101010
